1.224999156
1.111618627
1.006485886
0.909170878
0.819256806
0.736340017
0.660029866
0.589948599
0.525731221
0.467025371
0.413491193
0.364801205
0.311937267
0.266595365
0.227855408
0.194754496
0.166470406
0.142301005
0.121646684
0.103995355
0.088909664
0.075714202
0.064509691
0.05500586
0.046938174
0.040084232
0.034256898
0.02929858
0.02507646
0.021478505
0.018410143
0.015791476
0.013554949
0.011573187
0.009887753
0.008463833
0.007258417
0.006235961
0.005367022
0.004627158
0.003996036
0.003456704
0.002995001
0.002599072
0.002258976
0.001966358
0.001714183
0.001496518
0.001316625
0.001162706
0.00102682
0.00090685
0.000805591
0.000717863
0.000638948
0.000568035
0.000504383
0.000447312
0.000396198
0.000350474
0.000309619
0.00027316
0.000240663
0.000211734
0.000186015
0.00016318
0.000142933
0.000125006
0.000109155
9.52E-05
8.28E-05
7.20E-05
6.24E-05
5.38E-05
4.64E-05
3.99E-05
3.43E-05
2.94E-05
2.52E-05
2.16E-05
1.85E-05
1.57E-05
1.34E-05
1.14E-05
9.69E-06
8.22E-06
6.95E-06
5.81E-06
4.87E-06
4.07E-06
3.41E-06
2.85E-06
2.39E-06
2.00E-06
1.67E-06
1.39E-06
1.16E-06
9.67E-07
8.06E-07
6.71E-07
5.59E-07
4.69E-07
3.93E-07
3.29E-07
2.76E-07
2.32E-07
1.95E-07
1.64E-07
1.38E-07
1.16E-07
9.69E-08
8.10E-08
6.83E-08
5.80E-08
4.97E-08
4.28E-08
3.72E-08
3.24E-08
2.84E-08
2.51E-08
2.22E-08
1.97E-08
1.76E-08
1.58E-08
1.43E-08
1.29E-08
1.17E-08
1.06E-08
9.71E-09
8.88E-09
8.15E-09
7.49E-09
6.90E-09
6.37E-09
5.89E-09
5.46E-09
5.07E-09
4.72E-09
4.39E-09
4.10E-09
3.83E-09
3.58E-09
3.36E-09
3.15E-09
2.96E-09
2.78E-09
2.62E-09
2.47E-09
2.33E-09
2.20E-09
2.08E-09
1.96E-09
1.86E-09
1.76E-09
1.67E-09
1.58E-09
1.50E-09
1.43E-09
1.36E-09
1.29E-09
1.23E-09
1.17E-09
1.12E-09
1.07E-09
1.02E-09
9.75E-10
9.32E-10
8.91E-10
8.52E-10
8.16E-10
7.81E-10
7.49E-10
7.18E-10
6.88E-10
6.60E-10
6.34E-10
6.09E-10
5.85E-10
5.62E-10
5.40E-10
5.19E-10
5.00E-10
4.81E-10
4.63E-10
4.46E-10
4.30E-10
4.14E-10
3.99E-10
3.85E-10
3.71E-10
3.58E-10
3.46E-10
3.34E-10
3.22E-10
3.11E-10
3.01E-10
2.91E-10
2.81E-10
2.72E-10
2.63E-10
2.54E-10
2.46E-10
2.38E-10
2.30E-10
2.23E-10
2.16E-10
2.09E-10
2.03E-10
1.96E-10
1.90E-10
1.85E-10
1.79E-10
1.74E-10
1.68E-10
1.63E-10
1.59E-10
1.54E-10
1.49E-10
1.45E-10
1.41E-10
1.37E-10
1.33E-10
1.29E-10
1.25E-10
1.22E-10
1.18E-10
1.15E-10
1.12E-10
1.09E-10
1.06E-10
1.03E-10
1.00E-10
9.74E-11
9.48E-11
9.23E-11
8.98E-11
8.74E-11
8.51E-11
8.29E-11
8.07E-11
7.86E-11
7.66E-11
7.46E-11
7.27E-11
7.08E-11
6.90E-11
6.72E-11
6.55E-11
6.39E-11
6.23E-11
6.07E-11
5.92E-11
5.78E-11
5.63E-11
5.50E-11
5.36E-11
5.23E-11
5.10E-11
4.98E-11
4.86E-11
4.74E-11
4.63E-11
4.52E-11
4.41E-11
4.31E-11
4.21E-11
4.11E-11
4.01E-11
3.92E-11
3.83E-11
3.74E-11
3.65E-11
3.57E-11
3.49E-11
3.41E-11
3.33E-11
3.25E-11
3.18E-11
3.11E-11
3.04E-11
2.97E-11
2.91E-11
2.84E-11
2.78E-11
2.72E-11
2.66E-11
2.60E-11
2.54E-11
2.49E-11
2.43E-11
2.38E-11
2.33E-11
2.28E-11
2.23E-11
2.18E-11
2.13E-11
2.09E-11
2.04E-11
2.00E-11
1.96E-11
1.92E-11
1.88E-11
1.84E-11
1.80E-11
1.76E-11
1.72E-11
1.69E-11
1.65E-11
1.62E-11
1.59E-11
1.55E-11
1.52E-11
1.49E-11
1.46E-11
1.43E-11
1.40E-11
1.37E-11
1.34E-11
1.32E-11
1.29E-11
1.26E-11
1.24E-11
1.21E-11
1.19E-11
1.17E-11
1.14E-11
1.12E-11
1.10E-11
1.08E-11
1.06E-11
1.04E-11
1.01E-11
9.95E-12
9.76E-12
9.57E-12
9.38E-12
9.20E-12
9.02E-12
8.84E-12
8.67E-12
8.51E-12
8.34E-12
8.18E-12
8.03E-12
7.87E-12
7.72E-12
7.58E-12
7.43E-12
7.29E-12
7.15E-12
7.02E-12
6.88E-12
6.75E-12
6.63E-12
6.50E-12
6.38E-12
6.26E-12
6.14E-12
6.03E-12
5.92E-12
5.81E-12
5.70E-12
5.59E-12
5.49E-12
5.39E-12
5.29E-12
5.19E-12
5.10E-12
5.00E-12
4.91E-12
4.82E-12
4.73E-12
4.65E-12
4.56E-12
4.48E-12
4.40E-12
4.32E-12
4.24E-12
4.16E-12
4.09E-12
4.01E-12
3.94E-12
3.87E-12
3.80E-12
3.73E-12
3.67E-12
3.60E-12
3.54E-12
3.47E-12
3.41E-12
3.35E-12
3.29E-12
3.23E-12
3.18E-12
3.12E-12
3.06E-12
3.01E-12
2.96E-12
2.91E-12
2.85E-12
2.80E-12
2.75E-12
2.71E-12
2.66E-12
2.61E-12
2.57E-12
2.52E-12
2.48E-12
2.44E-12
2.39E-12
2.35E-12
2.31E-12
2.27E-12
2.23E-12
2.19E-12
2.15E-12
2.12E-12
2.08E-12
2.05E-12
2.01E-12
1.98E-12
1.94E-12
1.91E-12
1.88E-12
1.84E-12
1.81E-12
1.78E-12
1.75E-12
1.72E-12
1.69E-12
1.66E-12
1.64E-12
1.61E-12
1.58E-12
1.55E-12
1.53E-12
1.50E-12
1.48E-12
1.45E-12
1.43E-12
1.40E-12
1.38E-12
1.36E-12
1.33E-12
1.31E-12
1.29E-12
1.27E-12
1.25E-12
1.23E-12
1.21E-12
1.18E-12
1.17E-12
1.15E-12
1.13E-12
1.11E-12
1.09E-12
1.07E-12
1.05E-12
1.04E-12
1.02E-12
1.00E-12
9.86E-13
9.70E-13
9.54E-13
9.38E-13
9.23E-13
9.08E-13
8.93E-13
8.78E-13
8.64E-13
8.50E-13
8.36E-13
8.22E-13
8.09E-13
7.96E-13
7.83E-13
7.70E-13
7.57E-13
7.45E-13
7.33E-13
7.21E-13
7.09E-13
6.98E-13
6.87E-13
6.76E-13
6.65E-13
6.54E-13
6.44E-13
6.33E-13
6.23E-13
6.13E-13
6.03E-13
5.93E-13
5.84E-13
5.75E-13
5.65E-13
5.56E-13
5.48E-13
5.39E-13
5.30E-13
5.22E-13
5.14E-13
5.05E-13
4.97E-13
4.89E-13
4.82E-13
4.74E-13
4.67E-13
4.59E-13
4.52E-13
4.45E-13
4.38E-13
4.31E-13
4.24E-13
4.18E-13
4.11E-13
4.05E-13
3.98E-13
3.92E-13
3.86E-13
3.80E-13
3.74E-13
3.68E-13
3.62E-13
3.57E-13
3.51E-13
3.46E-13
3.40E-13
3.35E-13
3.30E-13
3.25E-13
3.20E-13
3.15E-13
3.10E-13
3.05E-13
3.00E-13
2.96E-13
2.91E-13
2.87E-13
2.82E-13
2.78E-13
2.74E-13
2.70E-13
2.66E-13
2.62E-13
2.58E-13
2.54E-13
2.50E-13
2.46E-13
2.42E-13
2.39E-13
2.35E-13
2.31E-13
2.28E-13
2.24E-13
2.21E-13
2.18E-13
2.14E-13
2.11E-13
2.08E-13
2.05E-13
2.02E-13
1.99E-13
1.96E-13
1.93E-13
1.90E-13
1.87E-13
1.85E-13
1.82E-13
1.79E-13
1.76E-13
1.74E-13
1.71E-13
1.69E-13
1.66E-13
1.64E-13
1.61E-13
1.59E-13
1.57E-13
1.54E-13
1.52E-13
1.50E-13
1.48E-13
1.46E-13
1.43E-13
1.41E-13
1.39E-13
1.37E-13
1.35E-13
1.33E-13
1.31E-13
1.30E-13
1.28E-13
1.26E-13
1.24E-13
1.22E-13
1.20E-13
1.19E-13
1.17E-13
1.15E-13
1.14E-13
1.12E-13
1.11E-13
1.09E-13
1.07E-13
1.06E-13
1.04E-13
1.03E-13
1.01E-13
1.00E-13
9.87E-14
9.73E-14
9.59E-14
9.46E-14
9.33E-14
9.20E-14
9.07E-14
8.94E-14
8.82E-14
8.70E-14
8.58E-14
8.46E-14
8.34E-14
8.23E-14
8.11E-14
8.00E-14
7.89E-14
7.79E-14
7.68E-14
7.58E-14
7.47E-14
7.37E-14
7.27E-14
7.17E-14
7.08E-14
6.98E-14
6.89E-14
6.80E-14
6.71E-14
6.62E-14
6.53E-14
6.44E-14
6.36E-14
6.27E-14
6.19E-14
6.11E-14
6.03E-14
5.95E-14
5.87E-14
5.79E-14
5.72E-14
5.64E-14
5.57E-14
5.50E-14
5.42E-14
5.35E-14
5.29E-14
5.22E-14
5.15E-14
5.08E-14
5.02E-14
4.96E-14
4.89E-14
4.83E-14
4.77E-14
4.71E-14
4.65E-14
4.59E-14
4.53E-14
4.48E-14
4.42E-14
4.36E-14
4.31E-14
4.26E-14
4.20E-14
4.15E-14
4.10E-14
4.05E-14
4.00E-14
3.95E-14
3.90E-14
3.86E-14
3.81E-14
3.76E-14
3.72E-14
3.67E-14
3.63E-14
3.58E-14
3.54E-14
3.50E-14
3.46E-14
3.42E-14
3.38E-14
3.34E-14
3.30E-14
3.26E-14
3.22E-14
3.18E-14
3.15E-14
3.11E-14
3.07E-14
3.04E-14
3.00E-14
2.97E-14
2.93E-14
2.90E-14
2.87E-14
2.84E-14
2.80E-14
2.77E-14
2.74E-14
2.71E-14
2.68E-14
2.65E-14
2.62E-14
2.59E-14
2.56E-14
2.53E-14
2.51E-14
2.48E-14
2.45E-14
2.42E-14
2.40E-14
2.37E-14
2.35E-14
2.32E-14
2.30E-14
2.27E-14
2.25E-14
2.22E-14
2.20E-14
2.18E-14
2.15E-14
2.13E-14
2.11E-14
2.09E-14
2.07E-14
2.04E-14
2.02E-14
2.00E-14
1.98E-14
1.96E-14
1.94E-14
1.92E-14
1.90E-14
1.88E-14
1.86E-14
1.85E-14
1.83E-14
1.81E-14
1.79E-14
1.77E-14
1.76E-14
1.74E-14
1.72E-14
1.71E-14
1.69E-14
1.67E-14
1.66E-14
1.64E-14
1.63E-14
1.61E-14
1.59E-14
1.58E-14
1.56E-14
1.55E-14
1.54E-14
1.52E-14
1.51E-14
1.49E-14
1.48E-14
1.47E-14
1.45E-14
1.44E-14
1.43E-14
1.41E-14
1.40E-14
1.39E-14
1.38E-14
1.36E-14
1.35E-14
1.34E-14
1.33E-14
1.32E-14
1.30E-14
1.29E-14
1.28E-14
1.27E-14
1.26E-14
1.25E-14
1.24E-14
1.23E-14
1.22E-14
1.21E-14
1.20E-14
1.19E-14
1.18E-14
1.17E-14
1.16E-14
1.15E-14
1.14E-14
1.13E-14
1.12E-14
1.11E-14
1.10E-14
1.09E-14
1.09E-14
1.08E-14
1.07E-14
1.06E-14
1.05E-14
1.04E-14
1.04E-14
1.03E-14
1.02E-14
1.01E-14
1.00E-14
9.96E-15
9.88E-15
9.81E-15
9.73E-15
9.66E-15
9.59E-15
9.52E-15
9.45E-15
9.38E-15
9.31E-15
9.24E-15
9.17E-15
9.11E-15
9.04E-15
8.97E-15
8.91E-15
8.85E-15
8.78E-15
8.72E-15
8.66E-15
8.60E-15
8.54E-15
8.48E-15
8.42E-15
8.36E-15
8.30E-15
8.25E-15
8.19E-15
8.13E-15
8.08E-15
8.02E-15
7.97E-15
7.92E-15
7.86E-15
7.81E-15
7.76E-15
7.71E-15
7.66E-15
7.61E-15
7.56E-15
7.51E-15
7.46E-15
7.41E-15
7.36E-15
7.32E-15
7.27E-15
7.22E-15
7.18E-15
7.13E-15
7.09E-15
7.04E-15
7.00E-15
6.96E-15
6.91E-15
6.87E-15
6.83E-15
6.79E-15
6.75E-15
6.71E-15
6.67E-15
6.63E-15
6.59E-15
6.55E-15
6.51E-15
6.47E-15
6.43E-15
6.39E-15
6.36E-15
6.32E-15
6.28E-15
6.25E-15
6.21E-15
6.17E-15
6.14E-15
6.10E-15
6.07E-15
6.03E-15
6.00E-15
5.97E-15
5.93E-15
5.90E-15
5.87E-15
5.83E-15
5.80E-15
5.77E-15
5.74E-15
5.71E-15
5.68E-15
5.65E-15
5.62E-15
5.59E-15
5.56E-15
5.53E-15
5.50E-15
5.47E-15
5.44E-15
5.41E-15
5.38E-15
5.35E-15
5.32E-15
5.30E-15
5.27E-15
5.24E-15
5.22E-15
5.19E-15
5.16E-15
5.14E-15
5.11E-15
5.08E-15
5.06E-15
5.03E-15
5.01E-15
4.98E-15
4.96E-15
4.93E-15
4.91E-15
4.88E-15
4.86E-15
4.84E-15
4.81E-15
4.79E-15
4.77E-15
4.74E-15
4.72E-15
4.70E-15
4.67E-15
4.65E-15
4.63E-15
4.61E-15
4.59E-15
4.56E-15
4.54E-15
4.52E-15
4.50E-15
4.48E-15
4.46E-15
4.44E-15
4.42E-15
4.40E-15
4.38E-15
4.36E-15
4.34E-15
4.32E-15
4.30E-15
4.28E-15
4.26E-15
4.24E-15
4.22E-15
4.20E-15
4.18E-15
4.16E-15
4.14E-15
4.13E-15
4.11E-15
4.09E-15
4.07E-15
4.05E-15
4.03E-15
4.02E-15
4.00E-15
3.98E-15
3.96E-15
3.95E-15
3.93E-15
3.91E-15
3.90E-15
3.88E-15
3.86E-15
3.85E-15
3.83E-15
3.81E-15
3.80E-15
3.78E-15
3.77E-15
3.75E-15
3.73E-15
3.72E-15
3.70E-15
3.69E-15
3.67E-15
3.66E-15
3.64E-15
3.63E-15
3.61E-15
