"AtlasV401" 2316 20830 450.5 Null 9800 1 130 133
"AtlasV431" 2317 20831 450.5 Null 15260 1 130 615
"AtlasV551" 2318 20832 450.5 Null 18850 1 142 233
"DeltaII732X-10" 208 2009 320.5 Null 2776 0.9921875 96.6 519
"DeltaII742X-10" 209 2010 320.5 Null 3185 0.9921875 96.6 358
"DeltaII792X-10" 210 2011 320.5 Null 5058 0.9921875 96.6 207
"DeltaIVM" 2850 20400 465.5 Null 9190 1 178.9850728 667
"DeltaIVM+" 2850 20400 465.5 Null 12900 1 185.713835 245
"DeltaIVHeavy" 3490 27200 465.5 Null 28370 0.888888889 245.7617771 524
"Falcon9v1.1" 4500 75000 340 3 13150 0.933333333 64.86967838 60
"Falcon9FT" 4500 75000 348 4 22800 0.916666667 62 41
"MinotaurI" 417 3915 290.1 Null 607 1 31.30704833 505
"MinotaurIV" 6800 1400 292.1 Null 1735 1 25.14771673 131
"PegasusXL" 410 770 225 Null 450 0.911764706 21.09436202 249
"Taurus" 352 3027 293 Null 1400 0.666666667 29.58057334 550
"LongMarch2C" 35000 4000 298 Null 3800 0.984848485 35.02962633 199
"LongMarch2C/SD" 35000 4000 298 Null 3800 0.984848485 35.02962633 199
"LongMarch4/4B" 1000 14200 303 Null 4200 0.966666667 46.84173472 339
"Ariane5ES" 1200 10000 324 4 21000 1 204.2737404 635
"PSLV" 1100 7300 308 1 3700 0.916666667 15.97378277 765
"GSLVL40" 2500 12500 460 1 5000 0.5 38.33707865 625
"H-IIA" 3100 16900 448 Null 10000 0.96969697 83.45437441 179
"H-IIB" 3400 16600 448 Null 16500 1 146.893486 530
"Dnepr" 2356 1910 317 Null 3700 0.954545455 15.80653104 277
"Rokot" 1420 5055 325.5 8 1950 0.96969697 21.5543605 292
"Soyuz2" 90000 6450 319 Null 7900 0.983606557 78.06955787 75
"Zenit2/2SLB" 2620 15900 356 4 13920 0.815789474 45 263
